1 2 3 4 5 7 15 6 8 9 10 11 12 16 14 13 
5 16 7 6 1 2 3 4 12 13 14 15 8 9 11 10 
9 8 10 11 12 13 14 16 1 3 2 4 6 5 7 15 
12 13 14 15 9 11 10 8 5 6 7 16 1 2 3 4 
2 1 4 3 7 5 8 9 16 10 11 12 13 15 6 14 
7 5 6 9 2 1 4 3 14 8 15 13 10 11 12 16 
10 11 8 12 14 16 13 15 4 2 3 6 5 1 9 7 
13 14 15 16 6 10 11 12 7 1 5 9 2 3 4 8 
3 6 1 2 4 8 5 7 9 11 16 10 14 13 15 12 
4 7 5 10 11 12 6 13 3 15 1 14 9 8 16 2 
11 9 13 8 15 14 16 10 2 4 12 5 3 7 1 6 
16 15 12 14 3 9 2 1 13 7 6 8 4 10 5 11 
6 10 2 1 13 3 9 11 15 12 4 7 16 14 8 5 
8 4 16 13 10 15 7 14 6 5 9 3 11 12 2 1 
14 12 9 7 8 6 1 5 11 16 13 2 15 4 10 3 
15 3 11 5 16 4 12 2 10 14 8 1 7 6 13 9 
